%latex.default(cor1, file = "corr.tex")%
\begin{table}[!tbp]
\begin{center}
\begin{tabular}{lrrrrrrrrrrrr}
\hline\hline
\multicolumn{1}{l}{cor1}&\multicolumn{1}{c}{adipos}&\multicolumn{1}{c}{free}&\multicolumn{1}{c}{neck}&\multicolumn{1}{c}{chest}&\multicolumn{1}{c}{abdom}&\multicolumn{1}{c}{hip}&\multicolumn{1}{c}{thigh}&\multicolumn{1}{c}{knee}&\multicolumn{1}{c}{ankle}&\multicolumn{1}{c}{biceps}&\multicolumn{1}{c}{forearm}&\multicolumn{1}{c}{wrist}\tabularnewline
\hline
adipos&$1.00$&$0.54$&$0.77$&$0.91$&$0.92$&$0.89$&$0.81$&$0.71$&$0.48$&$0.74$&$0.59$&$0.61$\tabularnewline
free&$0.54$&$1.00$&$0.67$&$0.58$&$0.48$&$0.69$&$0.67$&$0.69$&$0.56$&$0.65$&$0.60$&$0.66$\tabularnewline
neck&$0.77$&$0.67$&$1.00$&$0.78$&$0.75$&$0.73$&$0.70$&$0.67$&$0.46$&$0.73$&$0.67$&$0.73$\tabularnewline
chest&$0.91$&$0.58$&$0.78$&$1.00$&$0.92$&$0.83$&$0.73$&$0.71$&$0.46$&$0.73$&$0.62$&$0.64$\tabularnewline
abdom&$0.92$&$0.48$&$0.75$&$0.92$&$1.00$&$0.87$&$0.77$&$0.73$&$0.42$&$0.68$&$0.53$&$0.60$\tabularnewline
hip&$0.89$&$0.69$&$0.73$&$0.83$&$0.87$&$1.00$&$0.90$&$0.82$&$0.54$&$0.74$&$0.58$&$0.62$\tabularnewline
thigh&$0.81$&$0.67$&$0.70$&$0.73$&$0.77$&$0.90$&$1.00$&$0.80$&$0.53$&$0.76$&$0.62$&$0.55$\tabularnewline
knee&$0.71$&$0.69$&$0.67$&$0.71$&$0.73$&$0.82$&$0.80$&$1.00$&$0.58$&$0.69$&$0.60$&$0.65$\tabularnewline
ankle&$0.48$&$0.56$&$0.46$&$0.46$&$0.42$&$0.54$&$0.53$&$0.58$&$1.00$&$0.47$&$0.42$&$0.54$\tabularnewline
biceps&$0.74$&$0.65$&$0.73$&$0.73$&$0.68$&$0.74$&$0.76$&$0.69$&$0.47$&$1.00$&$0.75$&$0.63$\tabularnewline
forearm&$0.59$&$0.60$&$0.67$&$0.62$&$0.53$&$0.58$&$0.62$&$0.60$&$0.42$&$0.75$&$1.00$&$0.62$\tabularnewline
wrist&$0.61$&$0.66$&$0.73$&$0.64$&$0.60$&$0.62$&$0.55$&$0.65$&$0.54$&$0.63$&$0.62$&$1.00$\tabularnewline
\hline
\end{tabular}\end{center}
\end{table}
